InvoiceID	CheckDate	 PaidAmt 	CheckNum	 Notes 
2010	10/14/2011	450	2460425	
2011	10/17/2011	450	2461036	
2012		    		
2015	10/3/2011	250	9240	
2016	10/13/2011	695	23887	
2017	9/10/2011	1035.00	1988	
2018	1/19/2012	945	24283	
2019	2/21/2012	695	24415	 see1512 
2020	6/12/2012	1100.00	24785	
2021		    		
2022		    		 duplicate of 2052 
2023	10/12/2011	840	443874	
2024	12/9/2011	385	636588	
2025	12/9/2011	385	636588	
2026	12/9/2011	422.5	636588	
2027	12/9/2011	325	636588	
2028	12/9/2011	385	636588	
2029	12/9/2011	385	636588	
2030	12/9/2011	385	636588	
2031	12/9/2011	385	636588	
2032	12/9/2011	325	636588	
2033	12/9/2011	800	636588	
2034	12/9/2011	800	636588	
2035		    	636588	
2036	1/19/2012	397.5	15341	
2037	9/21/2011	775	100457	
2038	9/21/2011	1075.00	100456	
2039	9/21/2011	717.5	100455	
2040	10/3/2011	250	9240	
2041	10/12/2011	1150.00	23886	
2042	9/28/2011	815	23851	
2043	10/14/2011	1150.00	23889	
2044	6/1/2012	685	24701	
2045	6/5/2012	1085.00	24783	
2046	10/5/2011	1012.50	443650	
2047	10/5/2011	895	443650	
2048	9/28/2011	1790.50	443359	
2049	9/19/2011	1050.00	1409	
2050		    		
2051	10/27/2011	1597.00	23939	
2052	2/23/2012	695	24415	 DUPLICATE 
2053	4/24/2012	1975.00	24612	
2054	5/22/2012	1350.00	24685	
2055	10/13/2011	943.75	23888	
2056	11/7/2011	1006.25	24046	
2057	3/21/2012	725	24533	
2058	6/1/2012	1006.00	24700	
2059	6/5/2012	912.5	24784	
2060	10/19/2011	795	23938	
2061		    		
2062	1/19/2012	695	24282	
2063	11/4/2011	795	23941	
2064	6/4/2012	817.5	24706	
2065		    		
2066	12/9/2011	385	636588	
2067	11/17/2011	385	3267652	
2068	9/30/2011	407.5	14763	
2069	9/30/2011	520	14763	
2070	9/30/2011	357.5	14763	
2071	9/30/2011	300	14805	
2072	9/30/2011	300	14805	
2073	10/11/2011	120	1000631	
2074	10/11/2011	120	1000631	
2075		    		
2076	12/9/2011	325	636588	
2077	10/11/2011	325	14805	
2078	10/24/2011	200	9329	
2079	10/24/2011	385	9329	
2080	9/27/2011	235	1318	
2081	12/9/2011	385	636588	
2082		    	 	 duplicate invoice 
2083	10/27/2011	450	24031	
2084	10/27/2011	450	24031	
2085	10/27/2011	450	24031	
2086	10/27/2011	450	24031	
2087	10/27/2011	450	24031	
2088	10/27/2011	450	24031	
2089	10/27/2011	    	24031	
2090	2/6/2012	450	24330	
2091	2/6/2012	450	24330	
2092	2/6/2012	450	24330	
2093		    	24330	 charter problem 
2094		    		 DUPLICATE 2342 
2095	3/20/2012	450	24514	
2096	9/15/2011	475	655378	
2097	12/12/2011	250	9481	
2098	12/9/2011	385	636588	
2099	10/4/2011	325	1878	
2100	10/12/2011	975	443874	
2101	9/28/2011	812.5	100463	
2102	9/28/2011	460	100462	
2103	10/19/2011	600	100489	
2104	10/24/2011	985.5	9329	
2105	12/6/2011	1100.00	24117	
2106	2/6/2012	1100.00	24323	
2107	3/21/2012	1100.00	24531	
2108	3/21/2012	450	24532	
2109	5/1/2012	975	24699	
2110	5/1/2012	975	24699	
2111		    		
2112	6/7/2012	595	24815	
2113	6/7/2012	550	24815	
2114	10/21/2011	    	656288	
2115	10/28/2011	557	657295	
2116	1/27/2012	475	3288107	
2117	10/7/2011	581.25	448	
2118	11/17/2011	650	3267652	
2119	10/28/2011	557	657295	
2120	10/20/2011	905	84821	
2121	11/9/2011	825	746784	
2122	10/24/2011	250	9329	
2123	10/24/2011	250	9329	
2124	12/9/2011	200	636588	
2125	12/9/2011	325	636588	
2126	12/9/2011	385	636588	
2127	12/9/2011	325	636588	
2128	12/9/2011	200	636588	
2129	10/10/2011	385	2458761	
2130	10/20/2011	825	84821	
2131	10/20/2011	825	84821	
2132	10/19/2011	1698.00	444093	
2133	10/19/2011	932.8	444093	
2134	10/19/2011	932.8	444093	
2135	10/19/2011	932.8	444093	
2136	10/19/2011	932.8	444093	
2137	10/19/2011	1698.80	444093	
2138	12/9/2011	325	636588	
2139	10/24/2011	200	9329	
2140	12/9/2011	325	636588	
2141	10/24/2011	235	9329	
2142	11/4/2011	600	100508	
2143	11/17/2011	240	3267652	
2144	11/2/2011	793.75	25510	
2145	10/27/2011	325	1333	
2146	10/27/2011	325	1333	
2147	10/27/2011	325	1333	
2148	11/11/2011	300	15016	
2149	11/16/2011	637.5	445159	
2150	10/27/2011	450	24031	
2151	12/9/2011	385	636588	
2152	9/20/2011	600	10943	
2153	11/9/2011	740	1175	 wilderness art paid 
2154	12/9/2011	385	636588	
2155	12/9/2011	385	636588	
2156	12/9/2011	325	636588	
2157	12/9/2011	325	636588	
2158	12/9/2011	385	636588	
2159	12/9/2011	325	636588	
2160	12/9/2011	385	636588	
2161	12/9/2011	385	636588	
2162	12/9/2011	385	636588	
2163	11/18/2011	725	660437	
2164	11/11/2011	410	15016	
2165	11/11/2011	300	15016	
2166	11/15/2011	400	15038	
2167	11/11/2011	410	15016	
2168	11/15/2011	350	15038	
2169	11/15/2011	350	15038	
2170	11/22/2011	1165.00	445398	
2171	11/16/2011	751.5	445159	
2172	11/16/2011	475	445159	
2173	11/16/2011	845.5	445159	
2174	12/7/2011	385	445828	
2175	11/16/2011	497.5	445159	
2176	11/16/2011	637.5	445159	
2177		    		
2178	12/1/2011	422.5	3272082	
2179	12/9/2011	385	636588	
2180	11/15/2011	325	15038	
2181	1/11/2012	600	100568	
2182	11/4/2011	385	100511	
2183	1/17/2012	250	9625	
2184	1/17/2012	225	9625	
2185	11/17/2011	385	3267652	
2186	12/9/2011	385	636588	
2187	11/7/2011	300	1957	
2188	11/17/2011	325	1957	
2189	11/10/2011	375	1342	
2190	12/9/2011	325	636588	
2191	1/17/2012	250	9625	
2192	11/17/2011	385	3267652	
2193	11/18/2011	393.75	15060	
2194	12/9/2011	385	636588	
2195	12/28/2011	450	24168	
2196	11/17/2011	385	1000839	
2197	11/18/2011	655	15060	
2198	12/9/2011	325	636588	
2199	11/18/2011	655	15060	
2200	11/10/2011	375	1342	
2201	11/17/2011	460	3627652	
2202	12/9/2011	385	636588	
2203	11/10/2011	475	1342	
2204	11/18/2011	545	15060	
2205	11/30/2011	879.5	445644	
2206	12/9/2011	385	636588	
2207	11/18/2011	655	15060	
2208	12/6/2011	325	15140	
2209	11/30/2011	1290.00	445644	
2210		    		 duplicate 
2211	12/7/2011	492.5	445828	
2212	12/6/2011	325	15140	
2213	1/11/2012	885	446913	
2214	12/6/2011	600	15140	
2215	12/6/2011	435	15140	
2216	12/1/2011	385	662223	
2217	12/9/2011	435	636588	
2218	11/22/2011	550	100524	
2219	11/22/2011	385	100524	
2220		    		 was cancelled early 
2221	1/25/2012	1299.75	447373	
2222	12/7/2011	187.5	445828	 overtime charge see2170 
2223	12/7/2011	875	445828	
2224	12/14/2011	880	446116	
2225	2/7/2012	385	641877	
2226	2/7/2012	385	641877	
2227	2/7/2012	800	641877	
2228	5/2/2012	385	649554	
2229	11/28/2011	325	1351	
2230	11/28/2011	300	1351	
2231	1/11/2012	695	446913	
2232	11/22/2011	652.5	445398	
2233	2/5/2012	991	direct deposit	
2234	2/7/2012	422.5	641877	
2235	2/7/2012	460	641877	
2236	2/7/2012	385	641877	
2237	2/9/2012	450	24330	
2238		    		
2239	2/7/2012	385	641877	
2240	2/7/2012	385	641877	
2241	1/3/2012	600	100563	
2242				
2243	0	    	0	 duplicate job 2277 
2244	2/7/2012	450	641877	
2245		    		
2246	5/2/2012	385	649554	
2247	5/2/2012	422.5	649554	
2248	2/6/2012	450	24330	
2249	1/18/2012	550	4275	
2250	2/7/2012	385	641877	
2251		    		
2252	1/19/2012	585	447132	
2253	1/25/2012	550	447373	
2254		    		
2255		    		
2256		    		
2257	2/7/2012	422.5	641877	
2258	2/7/2012	600	641877	
2259	2/7/2012	460	641877	
2260		    		
2261		    		
2262	1/19/2012	465	447132	
2263	5/2/2012	385	649554	
2264	5/2/2012	400	649554	
2265	1/25/2012	550	447373	
2266	1/25/2012	550	447373	
2267	5/2/2012	450	649554	
2268	2/7/2012	535	641877	
2269	2/7/2012	422.5	641877	
2270	2/7/2012	410	641877	
2271	1/19/2012	425	447132	
2272	1/19/2012	425	447132	
2273	0/0/0	    	0	 cancelled 
2274	1/9/2012	350	1069	
2275	1/25/2012	1375.00	447373	
2276		    		
2277	2/7/2012	325	641877	
2278	2/7/2012	750	641877	
2279	2/7/2012	610	641877	
2280	2/7/2012	460	641877	
2281	5/2/2012	385	649554	
2282		    		
2283	1/19/2012	625	447132	 p1251036 
2284		    		
2285	2/7/2012	325	641877	
2286	2/7/2012	450	641877	
2287	2/7/2012	385	641877	
2288	2/7/2012	325	641877	
2289	2/7/2012	325	641877	
2290	2/2/2012	450	3289925	
2291	2/7/2012	325	641877	
2292	2/7/2012	450	641877	
2293	2/6/2012	450	24330	
2294	2/7/2012	325	641877	
2295	1/18/2012	550	4276	
2296	2/7/2012	325	641877	
2297	2/6/2012	1131.25	24330	
2298	2/7/2012	435	641877	
2299	1/18/2012	550	4277	
2300	2/2/2012	2000.00	1034	
2301	2/7/2012	422.5	641877	
2302	2/27/2012	385	1282	
2303	2/27/2012	385	1282	
2304		    		
2305	2/7/2012	325	641877	
2306	2/7/2012	325	641877	
2307		    		
2308		    		
2309	2/7/2012	325	641877	
2310	2/17/2012	513.75	448386	
2311	2/1/2012	675	821	
2312	2/6/2012	450	24330	
2313	2/7/2012	385	641877	
2314	2/17/2012	725	448386	
2315	2/7/2012	385	641877	
2316	2/7/2012	460	641877	
2317		    		 see 2300 
2318	2/7/2012	150	641877	
2319	2/10/2012	460	9706	 check says Inv 2318 
2320		    	DHT Cancelled	
2321	2/7/2012	385	641877	
2322		    		
2323		    		
2324		    		
2325	3/15/2012	400	3302178	
2326		    		
2327		    		
2328	2/3/2012	250	2994	
2329	2/21/2012	300	100588	
2330	2/10/2012	650	9706	
2331	3/15/2012	507.75	2007387	
2332	3/15/2012	507.75	2007387	
2333	2/9/2012	460	3291779	
2334	2/9/2012	503	3291779	
2335	3/15/2012	460	3302178	
2336	2/9/2012	385	3291779	
2337	2/9/2012	385	3291779	
2338	3/15/2012	385	3302178	
2339	2/29/2012	487.5	4310	
2340	5/15/2012	520	650786	
2341	5/2/2012	325	649554	
2342	3/20/2012	525	24514	
2343	3/30/2012	700	646622	
2344	5/2/2012	710	649554	
2345	5/2/2012	325	649554	
2346	5/2/2012	385	649554	
2347	3/30/2012	385	646622	
2348	2/15/2012	572.5	24378	
2349	3/1/2012	641.25	448567	
2350		    		
2351		    		
2352		    		
2353		    		
2354		    		
2355		    		
2356		    		
2357		    		
2358		    		
2359		    		
2360	5/2/2012	460	649554	
2360		    		
2361		    		
2362		    		 cancelled 
2363		    		
2364	3/20/2012	450	24514	
2365	5/2/2012	385	649554	
2366	3/20/2012	450	24514	
2367	3/30/2012	591.25	646622	
2368	3/28/2012	625	449646	
2369	3/15/2012	790	15564	
2370	3/15/2012	790	15564	
2371	3/13/2012	790	15574	
2372	2/21/2012	1150.00	100586	
2373	2/29/2012	600	4311	
2374	5/8/2012	300	1283	
2375	5/2/2012	553.75	649554	
2376	5/2/2012	325	649554	
2377	4/25/2012	577.5	450691	
2378	2/29/2012	577.5	4312	
2379	3/30/2012	591.25	646622	
2380	3/20/2012	450	24514	
2381	4/9/2012	495	14894	
2382	5/2/2012	325	649554	
2383	5/2/2012	385	649554	
2384	5/2/2012	478.75	649554	
2385	3/20/2012	575	24514	
2386	5/2/2012	456	649554	
2387	5/2/2012	403.75	649554	
2388	5/2/2012	385	649554	
2389	4/9/2012	495	14894	
2390	5/2/2012	450	649554	
2391	5/2/2012	175	649554	 on spot cancel 
2392	2/24/2012	497.5	540	
2393	5/2/2012	395	649554	
2394	3/30/2012	350	646622	 Teresa sent 
2395	5/16/2012	475	451676	
2396	5/16/2012	507.5	451676	
2397	5/2/2012	385	649554	
2398	7/13/2012	562.5	1880	
2399	3/1/2012	695.75	448567	
2400		    		
2401	2/24/2012	497.5	540	
2402	5/2/2012	385	649554	
2403	3/20/2012	450	24514	
2404	2/29/2012	662.5	4313	
2405	3/28/2012	505	449646	
2406	4/9/2012	495	14894	
2407	5/12/2012	418.75	451676	
2408	5/2/2012	1000.00	649554	
2409	3/14/2012	610	1117	
2410	3/14/2012	610	1117	
2411	2/29/2012	425	4314	
2412	5/2/2012	1000.00	649554	
2413	3/14/2012	585.75	1117	
2414	4/25/2012	1300.00	450691	
2415	5/16/2012	493.75	451676	
2416	3/15/2012	600	24446	
2417		    		
2418		    		
2419	5/16/2012	406	451676	
2420	5/16/2012	400	451676	
2421	4/18/2012	750	450466	
2422	5/16/2012	497.5	451676	
2423	5/16/2012	475	451676	
2424	5/16/2012	475	451676	
2425		0.01		
2426		0.01		 Void invoice 
2427	4/18/2012	725	450466	
2428	3/15/2012	300	20682	
2429	3/27/2012	615	5799	
2430	5/2/2012	450	24619	
2431	3/27/2012	425	5798	
2432	3/23/2012	240	9828	
2433	4/19/2012	625	3312717	
2434		    		 cancelled 
2435	4/19/2012	385	3312717	
2436	5/2/2012	385	649554	
2437	3/30/2012	450	646622	
2438	3/23/2012	240	9828	
2439	5/2/2012	447.25	649554	
2440	5/2/2012	385	649554	
2441	5/2/2012	450	24619	
2442	5/2/2012	507.5	649554	
2443	4/4/2012	465	4331	
2444	5/2/2012	570.5	649554	
2445	1/1/2000	    	0	
2446	5/2/2012	450	24619	
2447	3/23/2012	240	9828	
2448	5/16/2012	400	451676	
2449	5/2/2012	385	649554	
2450	5/2/2012	422.5	649554	
2451	5/16/2012	400	451676	
2452	5/15/2012	495	650786	 Send to SFUSD 
2453	3/28/2012	560	449646	
2454	6/27/2012	400	453684	
2455	3/22/2012	725	24491	
2456	5/16/2012	945	451676	
2457	5/2/2012	598.75	649554	
2458	4/16/2012	450	1001986	
2459	4/16/2012	1225.00	1001987	
2460	4/16/2012	662.5	1001988	
2461	4/16/2012	595	1001989	
2462	4/16/2012	375	1001990	
2463	4/16/2012	525	1001991	
2464	4/16/2012	625	1001992	
2465	5/2/2012	450	649554	
2466	5/18/2012	240	10020	
2467	5/16/2012	450	451676	
2468	5/10/2012	325	3319330	
2469	4/4/2012	520	4333	
2470	5/18/2012	240	10020	
2471	6/7/2012	605.75	90138	
2472	4/4/2012	450	4332	
2473	5/16/2012	550	451676	
2474		    		 2899 DUPLICATE 
2475	5/16/2012	400	451676	
2476	5/2/2012	450	649554	
2477		    		 CANCELLED 
2478	5/16/2012	400	451676	
2479	4/2/2012	435	15642	
2480	4/2/2012	435	15642	
2481	4/18/2012	815	450466	
2482		    	0	 duplicate 
2483	6/27/2012	400	453684	
2484	6/27/2012	400	453684	
2485	6/27/2012	400	453684	
2486	4/11/2012	450	450282	
2487	5/2/2012	450	24619	
2488	6/27/2012	400	453684	
2489	6/27/2012	437.5	453684	
2490	4/18/2012	545	450466	
2491	4/27/2012	400	453684	
2492	4/4/2012	560	4334	
2493	7/2/2012	428.5	655757	
2494	4/3/2012	1022.50	100614	
2495	7/2/2012	478.75	655757	
2496	4/2/2012	600	24546	
2497	5/2/2012	450	451108	 send to school 
2498	5/16/2012	500	451676	
2499	5/2/2012	450	451108	 send to school 
2500	5/16/2012	550	451676	
2501	5/23/2012	1275.50	451974	
2502		    		
2503	4/18/2012	553.75	450466	
2504	5/23/2012	750.5	451974	
2505	6/20/2012	1025.00	453286	
2506	5/2/2012	790	451108	
2507	5/2/2012	890	451108	
2508		    		
2509		    		
2510	7/2/2012	385	655757	
2511	5/2/2012	525	24619	
2512	6/7/2012	605.75	90138	
2513		    		
2514	6/7/2012	300	90138	
2515	5/2/2012	385	649554	
2516	5/18/2012	240	10020	
2517	5/16/2012	400	451676	
2518	5/16/2012	400	451676	
2519	4/25/2012	1275.00	450691	
2520	5/2/2012	476	4347	
2521	4/25/2012	1740.00	450691	
2522	5/16/2012	400	451676	
2523	4/11/2012	400	100624	
2524	4/11/2012	400	100624	
2525		    		
2526		    		
2527	6/7/2012	685	901.38	
2528	5/3/2012	685	649673	
2529	4/17/2012	945	24602	
2530	4/17/2012	1070.00	24603	
2531	4/10/2012	550	8711	
2532	4/19/2012	450	3312717	
2533	5/24/2012	450	3323428	
2534	4/30/2012	325	1270	
2535	4/26/2012	525	89017	
2536		    	0	
2537	4/25/2012	1080.00	450691	
2538	4/25/2012	725	450691	
2539	4/25/2012	730	450691	
2540	4/30/2012	300	1270	
2541	5/3/2012	505	3316917	
2542	5/10/2012	715	89394	
2543	5/10/2012	1430.00	89394	
2544	5/17/2012	450	3321265	
2545	6/27/2012	400	453684	
2546	8/10/2012	620	10194	
2547	6/27/2012	695	453684	
2548	7/2/2012	487.5	655757	
2549	5/2/2012	450	24619	
2550	7/2/2012	471.25	655757	
2551	5/16/2012	250	8710-5128	5128-12672
2552	6/27/2012	400	453684	
2553	6/21/2012	495	15063	
2554	4/25/2012	475	100630	
2555	5/8/2012	240	1283	
2556		    		
2557	6/27/2012	400	453684	
2558	5/16/2012	250	8170-12672	
2559	7/5/2012	400	90949	
2560	5/18/2012	240	10020	
2561	4/25/2012	460	100629	
2562	5/18/2012	240	10020	
2563	5/16/2012	500	451676	
2564	5/10/2012	400	89394	
2565	5/17/2012	375	3321265	
2566	5/3/2012	475.5	3316917	
2567		    		
2567	6/21/2012	465	15063	
2568	5/16/2012	575	451676	
2569	5/16/2012	475	451676	
2570	5/16/2012	575	451676	
2571		    	0	
2572	5/7/2012	375	24630	
2573	4/24/2012	600	24613	
2574		    	3465	500 deposit
2575	5/2/2012	1050.00	100638	
2576	5/18/2012	485	10020	
2577				
2578				
2579	5/16/2012	380	15840	
2580	5/17/2012	435.5	3321265	
2581	5/16/2012	400	451676	
2582	5/16/2012	570	15840	
2583	5/16/2012	475	451676	
2584				
2585	6/15/2012	300	90409	
2586	5/16/2012	400	451676	
2587	6/15/2012	300	90409	
2588	5/16/2012	400	451676	
2589	5/18/2012	240	10020	
2590	5/16/2012	400	451676	
2591	5/17/2012	350	89486	
2592	6/15/2012	300	90409	
2593	5/17/2012	715	89486	
2594	5/16/2012	400	451676	
2595	5/16/2012	493.75	451676	
2596	7/5/2012	300	90949	
2597	5/9/2012	325	100643	
2598	5/9/2012	325	100643	
2599	6/1/2012	325	100665	
2600	5/9/2012	325	100643	
2601		    	0	
2602	5/7/2012	400	1077	
2603	5/31/2012	662.5	1002344	
2604	5/31/2012	1093.75	1002344	
2605	5/31/2012	1281.25	1002344	
2606	5/31/2012	1150.00	1002344	
2607	6/15/2012	300	90409	
2608	6/1/2012	240	10061	
2609	5/16/2012	400	451676	
2610	6/15/2012	300	90409	
2611	5/16/2012	400	451676	
2612	5/16/2012	400	451676	
2613	6/21/2012	495	15063	
2614	6/15/2012	300	90409	
2615	5/16/2012	400	451676	
2616	5/16/2012	475	451676	
2617	7/5/2012	300	90949	
2618	7/5/2012	400	90949	
2619	6/20/2012	598.5	654207	
2620	7/2/2012	666.25	655757	
2621	7/5/2012	300	90949	
2622	7/5/2012	550	454040	
2623	7/5/2012	300	90949	
2624	7/5/2012	300	90949	
2625	6/1/2012	495	4370	
2626	7/2/2012	640	655757	
2627	6/27/2012	475	453684	
2628	6/27/2012	400	453684	
2629	7/5/2012	300	90949	
2630	6/1/2012	505	100663	
2631	6/27/2012	505	100691	
2632	6/27/2012	687.5	453684	
2633	6/20/2012	575	453286	
2634	7/2/2012	800	655757	
2635	6/27/2012	500	453684	
2636	5/24/2012	600	24696	
2637	6/27/2012	475	453684	
2638	6/21/2012	685	1056	
2639	6/27/2012	670	453684	
2640				
2641	5/24/2012	1780.00	1940	
2642	6/20/2012	900	453286	
2643	6/15/2012	400	90409	
2644	7/31/2012	550	455006	
2645	7/3/2012	450	1082	
2646	6/15/2012	300	90409	
2647	6/1/2012	595	4371	
2648				
2649	6/6/2012	475	452551	
2650	6/6/2012	935	452551	
2651	6/6/2012	683.75	452551	
2652	6/1/2012	625	100664	
2653	6/15/2012	300	90409	
2654	6/15/2012	300	90409	
2655	6/15/2012	300	90409	
2656	6/25/2012	300	654941	
2657	6/27/2012	772.5	453684	
2658	6/30/2012	482.5	4425	
2659	6/30/2012	495.5	4426	
2660	6/18/2012	250	1373	
2661				
2662	6/15/2012	300	904090	
2663				
2664	7/1/2012	625	1433	
2665				
2666	7/3/2012	400	1083	
2667	6/25/2012	400	654941	
2668		    	0	 duplicate 
2669	6/25/2012	375	654941	
2670	6/10/2012	350	9770	
2671	6/28/2012	500	90834	
2672	6/28/2012	500	90834	
2673	6/25/2012	450	654941	 listed as 2675 
2674	6/25/2012	425	654941	
2675	7/10/2012	350	1433	
2676				
2677	6/7/2012	681.25	1118	
2678	7/5/2012	700	645843	
2679				
2680				
2681				
2682	7/19/2012	480	3340215	
2683	7/5/2012	400	645843	
2684				
2685	7/5/2012	381	90949	
2686	7/2/2012	900	16056	
2687	7/2/2012	542.5	16056	
2688	7/2/2012	845	16056	
2689	7/2/2012	900	16056	
2690	7/2/2012	845	16056	
2691	7/20/2012	845	16142	
2692	7/20/2012	405	16142	
2693	7/20/2012	55	16142	
2694	7/20/2012	55	16142	
2695	7/20/2012	405	16142	
2696	7/20/2012	845	16142	
2697	7/20/2012	1037.50	16142	
2698	7/20/2012	845	16142	
2699	7/23/2012	845	16152	
2700	7/23/2012	900	16152	
2701	7/23/2012	872.5	16152	
2702	7/23/2012	900	16152	
2703	7/23/2012	845	16152	
2704				
2705	6/27/2012	575	453684	
2706	7/5/2012	381	90949	
2707	7/5/2012	300	90949	
2708	6/27/2012	400	100692	
2709				
2710				
2711	7/5/2012	250	90949	
2712	7/5/2012	250	90949	
2713	7/5/2012	350	90949	
2714	7/5/2012	795	90949	
2715				
2716	7/26/2012	695	91505	
2717	6/29/2012	695	5314	
2718	7/2/2012	475	1334	
2719	7/1/2012	350	1433	
2720	7/12/2012	250	91175	
2721	7/2/2012	550	2545816	
2722	6/30/2012	722.5	100700	
2723	7/12/2012	665	91175	
2724	6/30/2012	550	100701	
2725	7/12/2012	595	91175	
2726	8/2/2012	885	2555553	
2727	7/12/2012	595	91175	
2728	8/2/2012	795	91686	
2729		    		
2730				
2731	8/2/2012	695	91686	
2732	7/26/2012	400	100718	
2733				
2734	8/2/2012	375	91686	
2735	7/26/2012	400	100719	
2736				
2737	7/26/2012	725	91505	
2738	7/26/2012	1225.00	91505	
2739	7/26/2012	699	91505	
2740	7/26/2012	1074.00	91505	
2741	8/2/2012	795	91686	
2742				
2743				
2744				
2745	7/31/2012	300	9277	
2746				
2747	8/14/2012	550	1610	
2748	8/9/2012	275	91873	
2749	8/9/2012	275	91873	
2750				
2751	8/9/2012	795	91873	
2752	8/2/2012	350	1449	
2753				
2754				
2755				
2756	8/2/2012	800	1449	
2757				
2758	8/16/2012	375	9313	
2759				
2760				
2761				
2762				
2763				
2764				
2765				
2766				
2767	8/15/2012	200	1457	
2768				
2769				
2770				
2771				
2772				
2773				
2774				
2775				
2776				
2777				
2778				
2779				
2780				
2781				
2782				
2783				
2784				
2785				
2786				
2787				
2788				
2789				
2790				
2791				
2792				
2793				
