InvoiceID	JobID	InvoiceDate	 InvoiceAmt 	CheckDate	 PaidAmt 	CheckNum	 Notes 	
2010	1495	12/7/2011	 450.00 	10/14/2011	 450.00 	2460425		
2011	1496	12/14/2011	 450.00 	10/17/2011	 450.00 	2461036		
2012			    		    			
2015	1410	9/1/2011	 250.00 	10/3/2011	 250.00 	9240		
2016	1510	10/13/2011	 695.00 	10/13/2011	 695.00 	23887		
2017	1393	9/2/2011	 1,035.00 	9/10/2011	 1,035.00 	1988		
2018	1517	1/24/2012	 945.00 	1/19/2012	 945.00 	24283		
2019	1518	2/21/2012	 695.00 	2/21/2012	 695.00 	24415	 see1512 	
2020	1514	6/6/2012	 1,100.00 	6/12/2012	 1,100.00 	24785		
2021	1513	5/14/2012	 1,070.00 		    			
2022	1523				    		 duplicate of 2052 	
2023	1537	9/25/2011	 840.00 	10/12/2011	 840.00 	443874		
2024	1418	9/1/2011	 385.00 	12/9/2011	 385.00 	636588		
2025	1421	9/6/2011	 385.00 	12/9/2011	 385.00 	636588		
2026	1424	9/8/2011	 422.50 	12/9/2011	 422.50 	636588		
2027	1420	9/6/2011	 325.00 	12/9/2011	 325.00 	636588		
2028	1422	9/7/2011	 385.00 	12/9/2011	 385.00 	636588		
2029	1425	9/8/2011	 385.00 	12/9/2011	 385.00 	636588		
2030	1396	9/8/2011	 385.00 	12/9/2011	 385.00 	636588		
2031	1426	9/8/2011	 385.00 	12/9/2011	 385.00 	636588		
2032	1423	9/8/2011	 325.00 	12/9/2011	 325.00 	636588		
2033	1428	9/9/2011	 800.00 	12/9/2011	 800.00 	636588		
2034	1431	9/10/2011	 800.00 	12/9/2011	 800.00 	636588		
2035	1430	9/9/2011	    		    	636588		
2036	1395	9/4/2011	 397.50 	1/19/2012	 397.50 	15341		
2037	1416	9/9/2011	 775.00 	9/21/2011	 775.00 	100457		
2038	1509	9/10/2011	 1,075.00 	9/21/2011	 1,075.00 	100456		
2039	1503	9/14/2011	 717.50 	9/21/2011	 717.50 	100455		
2040	1389	9/14/2011	 250.00 	10/3/2011	 250.00 	9240		
2041	1490	10/12/2011	 1,150.00 	10/12/2011	 1,150.00 	23886		
2042	1489	9/28/2011	 815.00 	9/28/2011	 815.00 	23851		
2043	1491	10/14/2011	 1,150.00 	10/14/2011	 1,150.00 	23889		
2044	1567	5/31/2012	 685.00 	6/1/2012	 685.00 	24701		
2045	1494	6/5/2012	 1,085.00 	6/5/2012	 1,085.00 	24783		
2046	1487	9/9/2011	 1,012.50 	10/5/2011	 1,012.50 	443650		
2047	1498	9/9/2011	 895.00 	10/5/2011	 895.00 	443650		
2048	1521	9/15/2011	 1,790.50 	9/28/2011	 1,790.50 	443359		
2049	1417	9/16/2011	 900.00 	9/19/2011	 1,050.00 	1409		
2050	1565	10/4/2011	 975.00 		    			
2051	1527	10/27/2011	 1,597.00 	10/27/2011	 1,597.00 	23939		
2052	1523	2/23/2012	 695.00 	2/23/2012	 695.00 	24415	 DUPLICATE 	
2053	1524	4/24/2012	 1,975.00 	4/24/2012	 1,975.00 	24612		
2054	1525	5/23/2012	 1,350.00 	5/22/2012	 1,350.00 	24685		
2055	1501	10/13/2011	 943.75 	10/13/2011	 943.75 	23888		
2056	1502	11/8/2011	 1,006.25 	11/7/2011	 1,006.25 	24046		
2057	1506	3/23/2012	 725.00 	3/21/2012	 725.00 	24533		
2058	1508	5/31/2012	 1,045.00 	6/1/2012	 1,006.00 	24700		
2059	1526	6/5/2012	 912.50 	6/5/2012	 912.50 	24784		
2060	1368	10/31/2011	 795.00 	10/19/2011	 795.00 	23938		
2061	1368		    		    			
2062	1370	1/31/2012	 695.00 	1/19/2012	 695.00 	24282		
2063	1369	11/4/2011	 795.00 	11/4/2011	 795.00 	23941		
2064	1372	6/4/2012	 817.50 	6/4/2012	 817.50 	24706		
2065	1371	6/6/2012	    		    			
2066	1434	9/13/2011	 385.00 	12/9/2011	 385.00 	636588		
2067	1549	9/15/2011	 385.00 	11/17/2011	 385.00 	3267652		
2068	1552	9/17/2011	 407.50 	9/30/2011	 407.50 	14763		
2069	1553	9/18/2011	 520.00 	9/30/2011	 520.00 	14763		
2070	1555	9/19/2011	 357.50 	9/30/2011	 357.50 	14763		
2071	1568	9/20/2011	 300.00 	9/30/2011	 300.00 	14805		
2072	1572	9/22/2011	 300.00 	9/30/2011	 300.00 	14805		
2073	1543	9/21/2011	 120.00 	10/11/2011	 120.00 	1000631		
2074	1544	9/22/2011	 120.00 	10/11/2011	 120.00 	1000631		
2075	1573	9/23/2011	 550.00 		    			
2076	1433	9/13/2011	 325.00 	12/9/2011	 325.00 	636588		
2077	1571	9/20/2011	 325.00 	10/11/2011	 325.00 	14805		
2078	1411	9/15/2011	 200.00 	10/24/2011	 200.00 	9329		
2079	1390	9/23/2011	 385.00 	10/24/2011	 385.00 	9329		
2080	1577	9/15/2011	 235.00 	9/27/2011	 235.00 	1318		
2081	1437	9/22/2011	 385.00 	12/9/2011	 385.00 	636588		
2082	1575	9/23/2011	    		    	 	 duplicate invoice 	
2083	1579	9/27/2011	 450.00 	10/27/2011	 450.00 	24031		
2084	1580	10/3/2011	 450.00 	10/27/2011	 450.00 	24031		
2085	1581	10/6/2011	 450.00 	10/27/2011	 450.00 	24031		
2086	1582	10/7/2011	 450.00 	10/27/2011	 450.00 	24031		
2087	1647	10/17/2011	 450.00 	10/27/2011	 450.00 	24031		
2088	1584	10/20/2011	 450.00 	10/27/2011	 450.00 	24031		
2089		10/25/2011	 450.00 	10/27/2011	    	24031		
2090	1586	11/29/2011	 450.00 	2/6/2012	 450.00 	24330		
2091	1587	12/8/2011	 450.00 	2/6/2012	 450.00 	24330		
2092	1588	12/13/2011	 450.00 	2/6/2012	 450.00 	24330		
2093	1589	1/13/2012	    		    	24330	 charter problem 	
2094	1590	2/2/2012	    		    		 DUPLICATE 2342 	
2095	1591	2/9/2012	 450.00 	3/20/2012	 450.00 	24514		
2096	1550	9/15/2011	 475.00 	9/15/2011	 475.00 	655378		
2097	1405	9/16/2011	 250.00 	12/12/2011	 250.00 	9481		
2098	1435	9/16/2011	 385.00 	12/9/2011	 385.00 	636588		
2099	1575	9/23/2011	 325.00 	10/4/2011	 325.00 	1878		
2100	1565	10/4/2011	 975.00 	10/12/2011	 975.00 	443874		
2101	1569	9/24/2011	 812.50 	9/28/2011	 812.50 	100463		
2102	1009	9/24/2011	 460.00 	9/28/2011	 460.00 	100462		
2103	1008	9/17/2011	 600.00 	10/19/2011	 600.00 	100489		
2104	1391	9/27/2011	 985.50 	10/24/2011	 985.50 	9329		
2105	1528	12/6/2011	 1,100.00 	12/6/2011	 1,100.00 	24117		
2106	1529	2/8/2012	 1,100.00 	2/6/2012	 1,100.00 	24323		
2107	1530	3/21/2012	 1,100.00 	3/21/2012	 1,100.00 	24531		
2108	1574	3/22/2012	 450.00 	3/21/2012	 450.00 	24532		
2109	1531	5/29/2012	 975.00 	5/1/2012	 975.00 	24699		
2110	1532	5/30/2012	 975.00 	5/1/2012	 975.00 	24699		
2111	1535	6/0/12	 725.00 		    			
2112	1533	6/11/2012	 595.00 	6/7/2012	 595.00 	24815		
2113	1534	6/12/2012	 550.00 	6/7/2012	 550.00 	24815		
2114	1538	9/22/2011	 635.00 	10/21/2011	    	656288		
2115	1539	9/27/2011	 557.00 	10/28/2011	 557.00 	657295		
2116	1563	9/19/2011	 475.00 	1/27/2012	 475.00 	3288107		
2117	1554	9/21/2011	 581.25 	10/7/2011	 581.25 	448		
2118	1596	9/18/2011	 650.00 	11/17/2011	 650.00 	3267652		
2119	1540	9/29/2011	 557.00 	10/28/2011	 557.00 	657295		
2120	1548	10/1/2011	 905.00 	10/20/2011	 905.00 	84821		
2121	1576	9/30/2011	 825.00 	11/9/2011	 825.00 	746784		
2122	1406	9/20/2011	 250.00 	10/24/2011	 250.00 	9329		
2123	1522	9/21/2011	 250.00 	10/24/2011	 250.00 	9329		
2124	1440	9/28/2011	 200.00 	12/9/2011	 200.00 	636588		
2125	1432	9/13/2011	 325.00 	12/9/2011	 325.00 	636588		
2126	1439	9/27/2011	 385.00 	12/9/2011	 385.00 	636588		
2127	1441	9/29/2011	 325.00 	12/9/2011	 325.00 	636588		
2128	1443	9/30/2011	 200.00 	12/9/2011	 200.00 	636588		
2129	1606	10/24/2011	 385.00 	10/10/2011	 385.00 	2458761		
2130	1546	10/1/2011	 825.00 	10/20/2011	 825.00 	84821		
2131	1547	10/1/2011	 825.00 	10/20/2011	 825.00 	84821		
2132	1551	10/2/2011	 1,698.80 	10/19/2011	 1,698.00 	444093		
2133	1558	10/3/2011	 932.80 	10/19/2011	 932.80 	444093		
2134	1559	10/4/2011	 932.80 	10/19/2011	 932.80 	444093		
2135	1560	10/5/2011	 932.80 	10/19/2011	 932.80 	444093		
2136	1561	10/6/2011	 932.80 	10/19/2011	 932.80 	444093		
2137	1562	10/7/2011	 1,698.80 	10/19/2011	 1,698.80 	444093		
2138	1444	10/4/2011	 325.00 	12/9/2011	 325.00 	636588		
2139	1412	10/4/2011	 200.00 	10/24/2011	 200.00 	9329		
2140	1438	9/27/2011	 325.00 	12/9/2011	 325.00 	636588		
2141	1598	10/7/2011	 235.00 	10/24/2011	 235.00 	9329		
2142	1610	10/8/2011	 600.00 	11/4/2011	 600.00 	100508		
2143	1600	10/1/2011	 240.00 	11/17/2011	 240.00 	3267652		
2144	1640	10/20/2011	 793.75 	11/2/2011	 793.75 	25510		
2145	1608	10/14/2011	 325.00 	10/27/2011	 325.00 	1333		
2146	1611	10/14/2011	 325.00 	10/27/2011	 325.00 	1333		
2147	2648	10/20/2011	 325.00 	10/27/2011	 325.00 	1333		
2148	1595	9/28/2011	 300.00 	11/11/2011	 300.00 	15016		
2149	1599	10/25/2011	 637.50 	11/16/2011	 637.50 	445159		
2150	1585	10/25/2011	 450.00 	10/27/2011	 450.00 	24031		
2151	1618	10/18/2011	 385.00 	12/9/2011	 385.00 	636588		
2152	1536	10/15/2011	 600.00 	9/20/2011	 600.00 	10943		
2153	1609	10/21/2011	 740.00 	11/9/2011	 740.00 	1175	 wilderness art paid 	
2154	1448	10/18/2011	 385.00 	12/9/2011	 385.00 	636588		
2155	1616	10/17/2011	 385.00 	12/9/2011	 385.00 	636588		
2156	2156	10/6/2011	 325.00 	12/9/2011	 325.00 	636588		
2157	1442	9/29/2011	 325.00 	12/9/2011	 325.00 	636588		
2158	1446	10/6/2011	 385.00 	12/9/2011	 385.00 	636588		
2159	1447	10/13/2011	 325.00 	12/9/2011	 325.00 	636588		
2160	1619	10/25/2011	 385.00 	12/9/2011	 385.00 	636588		
2161	1449	10/25/2011	 385.00 	12/9/2011	 385.00 	636588		
2162	1617	10/26/2011	 385.00 	12/9/2011	 385.00 	636588		
2163	2652	10/21/2011	 725.00 	11/18/2011	 725.00 	660437		
2164	1594	10/29/2011	 410.00 	11/11/2011	 410.00 	15016		
2165	1604	10/5/2011	 300.00 	11/11/2011	 300.00 	15016		
2166	1612	10/7/2011	 400.00 	11/15/2011	 400.00 	15038		
2167	1592	10/8/2011	 410.00 	11/11/2011	 410.00 	15016		
2168	1613	10/9/2011	 350.00 	11/15/2011	 350.00 	15038		
2169	1614	10/9/2011	 350.00 	11/15/2011	 350.00 	15038		
2170	2655	11/17/2011	 1,165.00 	11/22/2011	 1,165.00 	445398		
2171	2657	10/29/2011	 751.50 	11/16/2011	 751.50 	445159		
2172	2656	10/29/2011	 475.00 	11/16/2011	 475.00 	445159		
2173	2669	10/29/2011	 845.50 	11/16/2011	 845.50 	445159		
2174	2660	10/26/2011	 385.00 	12/7/2011	 385.00 	445828		
2175	2661	10/27/2011	 497.50 	11/16/2011	 497.50 	445159		
2176	1602	10/26/2011	 637.50 	11/16/2011	 637.50 	445159		
2177			    		    			
2178	1626	10/13/2011	 422.50 	12/1/2011	 422.50 	3272082		
2179	1450	10/27/2011	 385.00 	12/9/2011	 385.00 	636588		
2180	2665	10/27/2011	 325.00 	11/15/2011	 325.00 	15038		
2181	1010	10/29/2011	 600.00 	1/11/2012	 600.00 	100568		
2182	2673	10/15/2011	 385.00 	11/4/2011	 385.00 	100511		
2183	1415	10/25/2011	 250.00 	1/17/2012	 250.00 	9625		
2184	1414	10/13/2011	 225.00 	1/17/2012	 225.00 	9625		
2185	2647	10/19/2011	 385.00 	11/17/2011	 385.00 	3267652		
2186	2186	10/27/2011	 385.00 	12/9/2011	 385.00 	636588		
2187	2674	10/14/2011	 300.00 	11/7/2011	 300.00 	1957		
2188	1615	10/15/2011	 325.00 	11/17/2011	 325.00 	1957		
2189	2672	11/1/2011	 375.00 	11/10/2011	 375.00 	1342		
2190	1451	11/1/2011	 325.00 	12/9/2011	 325.00 	636588		
2191	2680	11/2/2011	 240.00 	1/17/2012	 250.00 	9625		
2192	2682	11/2/2011	 385.00 	11/17/2011	 385.00 	3267652		
2193	2685	11/3/2011	 393.75 	11/18/2011	 393.75 	15060		
2194	1623	11/3/2011	 385.00 	12/9/2011	 385.00 	636588		
2195	1627	11/4/2011	 450.00 	12/28/2011	 450.00 	24168		
2196	2664	11/4/2011	 385.00 	11/17/2011	 385.00 	1000839		
2197	2690	11/5/2011	 655.00 	11/18/2011	 655.00 	15060		
2198	1452	11/3/2011	 325.00 	12/9/2011	 325.00 	636588		
2199	2689	11/5/2011	 655.00 	11/18/2011	 655.00 	15060		
2200	2687	11/5/2011	 375.00 	11/10/2011	 375.00 	1342		
2201	2681	11/2/2011	 460.00 	11/17/2011	 460.00 	3627652		
2202	2679	11/1/2011	 385.00 	12/9/2011	 385.00 	636588		
2203	2676	11/2/2011	 325.00 	11/10/2011	 475.00 	1342		
2204	2686	11/3/2011	 545.00 	11/18/2011	 545.00 	15060		
2205	2651	11/4/2011	 879.50 	11/30/2011	 879.50 	445644		
2206	1638	11/4/2011	 385.00 	12/9/2011	 385.00 	636588		
2207	2692	11/5/2011	 655.00 	11/18/2011	 655.00 	15060		
2208	2702	11/8/2011	 325.00 	12/6/2011	 325.00 	15140		
2209	2654	11/8/2011	 1,290.00 	11/30/2011	 1,290.00 	445644		
2210	1625	11/9/2012			    		 duplicate 	
2211	1625	11/9/2011	 492.50 	12/7/2011	 492.50 	445828		
2212	2708	11/10/2011	 325.00 	12/6/2011	 325.00 	15140		
2213	2706	11/14/2011	 885.00 	1/11/2012	 885.00 	446913		
2214	2693	11/6/2011	 600.00 	12/6/2011	 600.00 	15140		
2215	2694	11/6/2011	 435.00 	12/6/2011	 435.00 	15140		
2216	2695	11/7/2011	 385.00 	12/1/2011	 385.00 	662223		
2217	1639	11/8/2011	 435.00 	12/9/2011	 435.00 	636588		
2218	2677	11/12/2011	 550.00 	11/22/2011	 550.00 	100524		
2219	2711	11/12/2011	 385.00 	11/22/2011	 385.00 	100524		
2220	2723	12/15/2011	    		    		 was cancelled early 	
2221	2649	11/15/2011	 1,299.75 	1/25/2012	 1,299.75 	447373		
2222	2655	11/17/2011	 187.50 	12/7/2011	 187.50 	445828	 overtime charge see2170 	
2223	1645	11/18/2011	 875.00 	12/7/2011	 875.00 	445828		
2224	2712	11/18/2011	 880.00 	12/14/2011	 880.00 	446116		
2225	1620	11/17/2011	 385.00 	2/7/2012	 385.00 	641877		
2226	1624	11/17/2011	 385.00 	2/7/2012	 385.00 	641877		
2227	2700	11/18/2011	 800.00 	2/7/2012	 800.00 	641877		
2228	2716	11/18/2011	 385.00 	5/2/2012	 385.00 	649554		
2229	2683	11/19/2011	 325.00 	11/28/2011	 325.00 	1351		
2230	2864	11/19/2011	 300.00 	11/28/2011	 300.00 	1351		
2231	2707	11/22/2011	 695.00 	1/11/2012	 695.00 	446913		
2232	2703	12/7/2011	 652.50 	11/22/2011	 652.50 	445398		
2233	2731	12/1/2011	 991.00 	2/5/2012	 991.00 	direct deposit		
2234	1455	11/29/2011	 422.50 	2/7/2012	 422.50 	641877		
2235	1456	11/29/2011	 460.00 	2/7/2012	 460.00 	641877		
2236	2730	11/30/2011	 385.00 	2/7/2012	 385.00 	641877		
2237	2732	12/1/2011	 450.00 	2/9/2012	 450.00 	24330		
2238			    		    			
2239	1457	12/1/2011	 385.00 	2/7/2012	 385.00 	641877		
2240	1458	12/2/2011	 385.00 	2/7/2012	 385.00 	641877		
2241	2754	12/17/2011	 600.00 	1/3/2012	 600.00 	100563		
2242								
2243	2721	12/13/2011	 325.00 	0	    	0	 duplicate job 2277 	
2244	2659	12/13/2011	 450.00 	2/7/2012	 450.00 	641877		
2245	2755	12/14/2012	    		    			
2246	1636	12/15/2011	 385.00 	5/2/2012	 385.00 	649554		
2247	2733	12/9/2011	 422.50 	5/2/2012	 422.50 	649554		
2248	2755	12/14/2011	 450.00 	2/6/2012	 450.00 	24330		
2249	2724	12/6/2011	 550.00 	1/18/2012	 550.00 	4275		
2250	1462	12/5/2011	 385.00 	2/7/2012	 385.00 	641877		
2251					    			
2252	2650	11/30/2011	 585.00 	1/19/2012	 585.00 	447132		
2253	2734	12/7/2011	 550.00 	1/25/2012	 550.00 	447373		
2254	2701	12/8/2012	    		    			
2255	2739	12/9/2011	 570.00 		    			
2256					    			
2257	1464	12/12/2011	 422.50 	2/7/2012	 422.50 	641877		
2258	1628	12/16/2011	 600.00 	2/7/2012	 600.00 	641877		
2259	1466	12/20/2011	 460.00 	2/7/2012	 460.00 	641877		
2260					    			
2261	2738	12/9/2011	 570.00 		    			
2262	2262	12/2/2011	 465.00 	1/19/2012	 465.00 	447132		
2263	1632	12/6/2011	 385.00 	5/2/2012	 385.00 	649554		
2264	2719	12/6/2011	 400.00 	5/2/2012	 400.00 	649554		
2265	2713	12/7/2011	 550.00 	1/25/2012	 550.00 	447373		
2266	2714	12/7/2011	 550.00 	1/25/2012	 550.00 	447373		
2267	2658	12/8/2011	 450.00 	5/2/2012	 450.00 	649554		
2268	1469	12/28/2011	 535.00 	2/7/2012	 535.00 	641877		
2269	1470	12/29/2011	 422.50 	2/7/2012	 422.50 	641877		
2270	2758	12/30/2011	 410.00 	2/7/2012	 410.00 	641877		
2271	2701	12/8/2011	 425.00 	1/19/2012	 425.00 	447132		
2272	2735	12/8/2011	 425.00 	1/19/2012	 425.00 	447132		
2273	2725	11/29/2011	 385.00 	0/0/0	    	0	 cancelled 	
2274	2737	12/8/2011	 350.00 	1/9/2012	 350.00 	1069		
2275	2678	12/13/2011	 1,375.00 	1/25/2012	 1,375.00 	447373		
2276	2696	12/15/2011	    		    			
2277	2720	12/13/2011	 325.00 	2/7/2012	 325.00 	641877		
2278	1578	12/20/2011	 750.00 	2/7/2012	 750.00 	641877		
2279	1629	12/21/2011	 610.00 	2/7/2012	 610.00 	641877		
2280	2736	12/28/2011	 460.00 	2/7/2012	 460.00 	641877		
2281	2779	12/28/2011	 385.00 	5/2/2012	 385.00 	649554		
2282	1636	12/15/2011	    		    			
2283	2789	1/17/2012	 625.00 	1/19/2012	 625.00 	447132	 p1251036 	
2284	1471		    		    			
2285	1471	1/4/2012	 325.00 	2/7/2012	 325.00 	641877		
2286	2740	1/4/2012	 450.00 	2/7/2012	 450.00 	641877		
2287	2287	1/10/2012	 385.00 	2/7/2012	 385.00 	641877		
2288	1472	1/6/2012	 325.00 	2/7/2012	 325.00 	641877		
2289	2750	1/10/2012	 325.00 	2/7/2012	 325.00 	641877		
2290	2809	1/10/2012	 450.00 	2/2/2012	 450.00 	3289925		
2291	1474	1/11/2012	 325.00 	2/7/2012	 325.00 	641877		
2292	2471	1/11/2012	 450.00 	2/7/2012	 450.00 	641877		
2293	2276	1/11/2012	 450.00 	2/6/2012	 450.00 	24330		
2294	2743	1/12/2012	 325.00 	2/7/2012	 325.00 	641877		
2295	2751	1/12/2012	 550.00 	1/18/2012	 550.00 	4276		
2296	2769	1/12/2012	 325.00 	2/7/2012	 325.00 	641877		
2297	2811	1/12/2012	 1,131.25 	2/6/2012	 1,131.25 	24330		
2298	1630	1/13/2012	 435.00 	2/7/2012	 435.00 	641877		
2299	2781	1/13/2012	 550.00 	1/18/2012	 550.00 	4277		
2300	2745	1/16/2012	 2,000.00 	2/2/2012	 2,000.00 	1034		
2301	2752	1/16/2012	 422.50 	2/7/2012	 422.50 	641877		
2302	2819	1/17/2012	 385.00 	2/27/2012	 385.00 	1282		
2303	2820	1/18/2012	 385.00 	2/27/2012	 385.00 	1282		
2304			    		    			
2305	2768	1/17/2012	 325.00 	2/7/2012	 325.00 	641877		
2306	2770	1/17/2012	 325.00 	2/7/2012	 325.00 	641877		
2307			    		    			
2308			    		    			
2309	1475	1/18/2012	 325.00 	2/7/2012	 325.00 	641877		
2310	2729	1/18/2012	 513.75 	2/17/2012	 513.75 	448386		
2311	2800	1/18/2012	 675.00 	2/1/2012	 675.00 	821		
2312	2823	1/18/2012	 450.00 	2/6/2012	 450.00 	24330		
2313	1634	1/19/2012	 385.00 	2/7/2012	 385.00 	641877		
2314	2757	1/19/2012	 725.00 	2/17/2012	 725.00 	448386		
2315	1476	1/20/2012	 385.00 	2/7/2012	 385.00 	641877		
2316	1631	1/20/2012	 460.00 	2/7/2012	 460.00 	641877		
2317	2787	1/20/2012	    		    		 see 2300 	
2318	2794	1/20/2012	 150.00 	2/7/2012	 150.00 	641877		
2319	2822	1/20/2012	 460.00 	2/10/2012	 460.00 	9706	 check says Inv 2318 	
2320	2746	1/21/2012	    		    	DHT Cancelled		
2321	1635	1/17/2012	 385.00 	2/7/2012	 385.00 	641877		
2322					    			
2323					    			
2324					    			
2325	2830	1/25/2012	 400.00 	3/15/2012	 400.00 	3302178		
2326					    			
2327					    			
2328	2828	1/22/2012	 250.00 	2/3/2012	 250.00 	2994		
2329	2829	1/24/2012	 300.00 	2/21/2012	 300.00 	100588		
2330	2715	1/26/2012	 650.00 	2/10/2012	 650.00 	9706		
2331	2827	1/28/2012	 507.75 	3/15/2012	 507.75 	2007387		
2332	2843	1/27/2012	 507.75 	3/15/2012	 507.75 	2007387		
2333	2840	1/29/2012	 460.00 	2/9/2012	 460.00 	3291779		
2334	2841	1/29/2012	 503.00 	2/9/2012	 503.00 	3291779		
2335	2482	1/29/2012	 460.00 	3/15/2012	 460.00 	3302178		
2336	2846	1/30/2012	 385.00 	2/9/2012	 385.00 	3291779		
2337	2844	1/30/2012	 385.00 	2/9/2012	 385.00 	3291779		
2338	2845	1/30/2012	 385.00 	3/15/2012	 385.00 	3302178		
2339	2782	1/28/2012	 487.50 	2/29/2012	 487.50 	4310		
2340	2826	1/24/2012	 520.00 	5/15/2012	 520.00 	650786		
2341	1478	1/26/2012	 325.00 	5/2/2012	 325.00 	649554		
2342	1590	2/2/2012	 525.00 	3/20/2012	 525.00 	24514		
2343	2788	2/3/2012	 700.00 	3/30/2012	 700.00 	646622		
2344	2853	2/4/2012	 710.00 	5/2/2012	 710.00 	649554		
2345	2851	2/2/2012	 325.00 	5/2/2012	 325.00 	649554		
2346	2833	2/2/2012	 385.00 	5/2/2012	 385.00 	649554		
2347	2662	2/3/2012	 385.00 	3/30/2012	 385.00 	646622		
2348	2854	2/22/2012	 572.50 	2/15/2012	 572.50 	24378		
2349	2852	2/7/2012	 641.25 	3/1/2012	 641.25 	448567		
2350					    			
2351					    			
2352					    			
2353					    			
2354					    			
2355					    			
2356					    			
2357					    			
2358					    			
2359					    			
2360	2874	2/14/2012	 460.00 	5/2/2012	 460.00 	649554		
2360					    			
2361					    			
2362	2886	2/22/2012	    		    		 cancelled 	
2363					    			
2364	2856	2/6/2012	 450.00 	3/20/2012	 450.00 	24514		
2365	2796	2/6/2012	 385.00 	5/2/2012	 385.00 	649554		
2366	2877	2/7/2012	 450.00 	3/20/2012	 450.00 	24514		
2367	2837	2/9/2012	 591.25 	3/30/2012	 591.25 	646622		
2368	2838	2/9/2012	 625.00 	3/28/2012	 625.00 	449646		
2369	2895	2/10/2012	 790.00 	3/15/2012	 790.00 	15564		
2370	2896	2/10/2012	 790.00 	3/15/2012	 790.00 	15564		
2371	2897	2/10/2012	 790.00 	3/13/2012	 790.00 	15574		
2372	2810	2/11/2012	 1,150.00 	2/21/2012	 1,150.00 	100586		
2373	2835	2/14/2012	 600.00 	2/29/2012	 600.00 	4311		
2374	2908	2/14/2012	 300.00 	5/8/2012	 300.00 	1283		
2375	1637	2/14/2012	 553.75 	5/2/2012	 553.75 	649554		
2376	1482	2/14/2012	 325.00 	5/2/2012	 325.00 	649554		
2377	2909	2/15/2012	 577.50 	4/25/2012	 577.50 	450691		
2378	2836	2/16/2012	 577.50 	2/29/2012	 577.50 	4312		
2379	2882	2/16/2012	 591.25 	3/30/2012	 591.25 	646622		
2380	2905	2/16/2012	 450.00 	3/20/2012	 450.00 	24514		
2381	2808	2/16/2012	 495.00 	4/9/2012	 495.00 	14894		
2382	2831	2/21/2012	 325.00 	5/2/2012	 325.00 	649554		
2383	2834	2/21/2012	 385.00 	5/2/2012	 385.00 	649554		
2384	2885	2/21/2012	 478.75 	5/2/2012	 478.75 	649554		
2385	2919	2/21/2012	 575.00 	3/20/2012	 575.00 	24514		
2386	1484	2/21/2012	 456.00 	5/2/2012	 456.00 	649554		
2387	2887	2/22/2012	 403.75 	5/2/2012	 403.75 	649554		
2388	2915	2/22/2012	 385.00 	5/2/2012	 385.00 	649554		
2389	2801	2/23/2012	 495.00 	4/9/2012	 495.00 	14894		
2390	2832	2/24/2012	 450.00 	5/2/2012	 450.00 	649554		
2391	2916	2/25/2012	 175.00 	5/2/2012	 175.00 	649554	 on spot cancel 	
2392	2913	2/27/2012	 497.50 	2/24/2012	 497.50 	540		
2393	2393	2/28/2012	 395.00 	5/2/2012	 395.00 	649554		
2394	2942	2/28/2012	 350.00 	3/30/2012	 350.00 	646622	 Teresa sent 	
2395	2943	2/28/2012	 475.00 	5/16/2012	 475.00 	451676		
2396	2945	2/28/2012	 507.50 	5/16/2012	 507.50 	451676		
2397	2917	2/28/2012	 385.00 	5/2/2012	 385.00 	649554		
2398	2920	2/28/2012	 562.50 	7/13/2012	 562.50 	1880		
2399	2756	2/28/2012	 695.75 	3/1/2012	 695.75 	448567		
2400			    		    			
2401	2914	2/29/2012	 497.50 	2/24/2012	 497.50 	540		
2402	2921	2/29/2012	 385.00 	5/2/2012	 385.00 	649554		
2403	2946	2/29/2012	 450.00 	3/20/2012	 450.00 	24514		
2404	2848	3/1/2012	 662.50 	2/29/2012	 662.50 	4313		
2405	2892	3/1/2012	 505.00 	3/28/2012	 505.00 	449646		
2406	2802	3/1/2012	 495.00 	4/9/2012	 495.00 	14894		
2407	2955	3/1/2012	 418.75 	5/12/2012	 418.75 	451676		
2408	2587	3/2/2012	 1,000.00 	5/2/2012	 1,000.00 	649554		
2409	2667	3/1/2012	 610.00 	3/14/2012	 610.00 	1117		
2410	2726	3/2/2012	 610.00 	3/14/2012	 610.00 	1117		
2411	2850	3/3/2012	 425.00 	2/29/2012	 425.00 	4314		
2412	2858	3/3/2012	 1,000.00 	5/2/2012	 1,000.00 	649554		
2413	2668	3/3/2012	 585.75 	3/14/2012	 585.75 	1117		
2414	2941	3/3/2012	 1,300.00 	4/25/2012	 1,300.00 	450691		
2415	2959	3/2/2012	 493.75 	5/16/2012	 493.75 	451676		
2416	2730	3/15/2012	 600.00 	3/15/2012	 600.00 	24446		
2417	2972	3/6/2012	    		    			
2418	2929	3/8/2012	    		    			
2419	2960	3/5/2012	 406.00 	5/16/2012	 406.00 	451676		
2420	2961	3/6/2012	 400.00 	5/16/2012	 400.00 	451676		
2421	2859	3/8/2012	 750.00 	4/18/2012	 750.00 	450466		
2422	2962	3/8/2012	 497.50 	5/16/2012	 497.50 	451676		
2423	2963	3/9/2012	 475.00 	5/16/2012	 475.00 	451676		
2424	2980	3/9/2012	 475.00 	5/16/2012	 475.00 	451676		
2425	2995	3/13/2012	    		 0.01 			
2426	2849	3/6/2012	    		 0.01 		 Void invoice 	
2427	2860	3/13/2012	 725.00 	4/18/2012	 725.00 	450466		
2428	2997	3/15/2012	 300.00 	3/15/2012	 300.00 	20682		
2429	2957	3/5/2012	 615.00 	3/27/2012	 615.00 	5799		
2430	2947	3/6/2012	 450.00 	5/2/2012	 450.00 	24619		
2431	2958	3/6/2012	 425.00 	3/27/2012	 425.00 	5798		
2432	2969	3/6/2012	 240.00 	3/23/2012	 240.00 	9828		
2433	2964	3/7/2012	 625.00 	4/19/2012	 625.00 	3312717		
2434	2966	3/7/2012	    		    		 cancelled 	
2435	2967	3/7/2012	 385.00 	4/19/2012	 385.00 	3312717		
2436	2878	3/8/2012	 385.00 	5/2/2012	 385.00 	649554		
2437	2922	3/8/2012	 450.00 	3/30/2012	 450.00 	646622		
2438	2979	3/8/2012	 240.00 	3/23/2012	 240.00 	9828		
2439	1486	3/9/2012	 447.25 	5/2/2012	 447.25 	649554		
2440	2879	3/12/2012	 385.00 	5/2/2012	 385.00 	649554		
2441	2948	3/12/2012	 450.00 	5/2/2012	 450.00 	24619		
2442	2973	3/12/2012	 507.50 	5/2/2012	 507.50 	649554		
2443	2975	3/12/2012	 465.00 	4/4/2012	 465.00 	4331		
2444	2888	3/13/2012	 570.50 	5/2/2012	 570.50 	649554		
2445	2889	3/13/2012	 441.25 	1/1/2000	    	0		
2446	2949	3/13/2012	 450.00 	5/2/2012	 450.00 	24619		
2447	2982	3/13/2012	 240.00 	3/23/2012	 240.00 	9828		
2448	2995	3/13/2012	 400.00 	5/16/2012	 400.00 	451676		
2449	2795	3/14/2012	 385.00 	5/2/2012	 385.00 	649554		
2450	2890	3/15/2012	 422.50 	5/2/2012	 422.50 	649554		
2451	2996	3/15/2012	 400.00 	5/16/2012	 400.00 	451676		
2452	2803	3/15/2012	 495.00 	5/15/2012	 495.00 	650786	 Send to SFUSD 	
2453	2876	3/16/2012	 560.00 	3/28/2012	 560.00 	449646		
2454	3003	3/22/2012	 400.00 	6/27/2012	 400.00 	453684		
2455	2993	3/23/2012	 725.00 	3/22/2012	 725.00 	24491		
2456	3016	3/20/2012	 945.00 	5/16/2012	 945.00 	451676		
2457	2899	3/22/2012	 598.75 	5/2/2012	 598.75 	649554		
2458	2797	3/25/2012	 450.00 	4/16/2012	 450.00 	1001986		
2459	3037	3/27/2012	 1,225.00 	4/16/2012	 1,225.00 	1001987		
2460	2771	3/26/2012	 662.50 	4/16/2012	 662.50 	1001988		
2461	2812	3/26/2012	 595.00 	4/16/2012	 595.00 	1001989		
2462	2813	3/28/2012	 375.00 	4/16/2012	 375.00 	1001990		
2463	3038	3/28/2012	 525.00 	4/16/2012	 525.00 	1001991		
2464	2814	3/29/2012	 625.00 	4/16/2012	 625.00 	1001992		
2465	2898	3/20/2012	 450.00 	5/2/2012	 450.00 	649554		
2466	2984	3/20/2012	 240.00 	5/18/2012	 240.00 	10020		
2467	3002	3/20/2012	 450.00 	5/16/2012	 450.00 	451676		
2468	3017	3/21/2012	 325.00 	5/10/2012	 325.00 	3319330		
2469	2977	3/22/2012	 520.00 	4/4/2012	 520.00 	4333		
2470	2985	3/22/2012	 240.00 	5/18/2012	 240.00 	10020		
2471	2998	3/22/2012	 605.75 	6/7/2012	 605.75 	90138		
2472	3000	3/22/2012	 450.00 	4/4/2012	 450.00 	4332		
2473	3027	3/22/2012	 550.00 	5/16/2012	 550.00 	451676		
2474	3028	3/22/2012	    		    		 2899 DUPLICATE 	
2475	3036	3/22/2012	 400.00 	5/16/2012	 400.00 	451676		
2476	2663	3/23/2012	 450.00 	5/2/2012	 450.00 	649554		
2477	2900	3/24/2012	    		    		 CANCELLED 	
2478	3033	3/26/2012	 400.00 	5/16/2012	 400.00 	451676		
2479	3042	3/26/2012	 435.00 	4/2/2012	 435.00 	15642		
2480	3063	3/29/2012	 435.00 	4/2/2012	 435.00 	15642		
2481	2839	3/30/2012	 815.00 	4/18/2012	 815.00 	450466		
2482	3064	3/29/2012	 400.00 		    	0	 duplicate 	
2483	3071	3/29/2012	 400.00 	6/27/2012	 400.00 	453684		
2484	3034	3/27/2012	 400.00 	6/27/2012	 400.00 	453684		
2485	3004	3/27/2012	 400.00 	6/27/2012	 400.00 	453684		
2486	2486	3/27/2012	 450.00 	4/11/2012	 450.00 	450282		
2487	2951	3/27/2012	 450.00 	5/2/2012	 450.00 	24619		
2488	3039	3/28/2012	 400.00 	6/27/2012	 400.00 	453684		
2489	3035	3/28/2012	 437.50 	6/27/2012	 437.50 	453684		
2490	3029	3/28/2012	 545.00 	4/18/2012	 545.00 	450466		
2491	3005	3/29/2012	 400.00 	4/27/2012	 400.00 	453684		
2492	2978	3/29/2012	 560.00 	4/4/2012	 560.00 	4334		
2493	2974	3/29/2012	 385.00 	7/2/2012	 428.50 	655757		
2494	3065	3/30/2012	 1,022.50 	4/3/2012	 1,022.50 	100614		
2495	2901	3/31/2012	 478.75 	7/2/2012	 478.75 	655757		
2496	2748	4/5/2012	 600.00 	4/2/2012	 600.00 	24546		
2497	3026	4/4/2012	 450.00 	5/2/2012	 450.00 	451108	 send to school 	
2498	3076	4/4/2012	 500.00 	5/16/2012	 500.00 	451676		
2499	3025	4/2/2012	 450.00 	5/2/2012	 450.00 	451108	 send to school 	
2500	3075	4/3/2012	 550.00 	5/16/2012	 550.00 	451676		
2501	2926	4/1/2012	 1,275.50 	5/23/2012	 1,275.50 	451974		
2502					    			
2503	2911	3/28/2012	 553.75 	4/18/2012	 553.75 	450466		
2504	3024	4/2/2012	 750.50 	5/23/2012	 750.50 	451974		
2505	1483	4/2/2012	 1,025.00 	6/20/2012	 1,025.00 	453286		
2506	3020	4/2/2012	 790.00 	5/2/2012	 790.00 	451108		
2507	2487	4/2/2012	 890.00 	5/2/2012	 890.00 	451108		
2508					    			
2509					    			
2510	2880	4/3/2012	 385.00 	7/2/2012	 385.00 	655757		
2511	2952	4/4/2012	 525.00 	5/2/2012	 525.00 	24619		
2512	3001	3/23/2012	 605.75 	6/7/2012	 605.75 	90138		
2513	2513	5/25/2012	 1,780.00 		    			
2514	3073	4/7/2012	 300.00 	6/7/2012	 300.00 	90138		
2515	2515	4/5/2012	 385.00 	5/2/2012	 385.00 	649554		
2516	2986	4/5/2012	 240.00 	5/18/2012	 240.00 	10020		
2517	3007	4/5/2012	 400.00 	5/16/2012	 400.00 	451676		
2518	3078	4/6/2012	 400.00 	5/16/2012	 400.00 	451676		
2519	2928	4/6/2012	 1,275.50 	4/25/2012	 1,275.00 	450691		
2520	3040	4/6/2012	 476.00 	5/2/2012	 476.00 	4347		
2521	2798	4/6/2012	 1,740.00 	4/25/2012	 1,740.00 	450691		
2522	3082	4/10/2012	 400.00 	5/16/2012	 400.00 	451676		
2523	2862	4/10/2012	 400.00 	4/11/2012	 400.00 	100624		
2524	2863	4/12/2012	 400.00 	4/11/2012	 400.00 	100624		
2525	1534		    		    			
2526	1534		    		    			
2527	2956	4/11/2012	 685.00 	6/7/2012	 685.00 	901.38		
2528	2992	4/27/2012	 685.00 	5/3/2012	 685.00 	649673		
2529	3069	4/19/2012	 945.00 	4/17/2012	 945.00 	24602		
2530	1513	4/20/2012	 1,070.00 	4/17/2012	 1,070.00 	24603		
2531	3090	4/13/2012	 550.00 	4/10/2012	 550.00 	8711		
2532	3092	4/13/2012	 450.00 	4/19/2012	 450.00 	3312717		
2533	3096	4/13/2012	 450.00 	5/24/2012	 450.00 	3323428		
2534	3101	4/13/2012	 325.00 	4/30/2012	 325.00 	1270		
2535	3021	4/14/2012	 525.00 	4/26/2012	 525.00 	89017		
2536	3091		    		    	0		
2537	3081	4/14/2012	 1,080.00 	4/25/2012	 1,080.00 	450691		
2538	3080	4/14/2012	 725.00 	4/25/2012	 725.00 	450691		
2539	3043	4/16/2012	 730.00 	4/25/2012	 730.00 	450691		
2540	3104	4/16/2012	 300.00 	4/30/2012	 300.00 	1270		
2541	3103	4/14/2012	 505.00 	5/3/2012	 505.00 	3316917		
2542	3106	4/21/2012	 715.00 	5/10/2012	 715.00 	89394		
2543	3123	4/21/2012	 1,430.00 	5/10/2012	 1,430.00 	89394		
2544	3105	4/17/2012	 450.00 	5/17/2012	 450.00 	3321265		
2545	3107	4/17/2012	 400.00 	6/27/2012	 400.00 	453684		
2546	2923	4/17/2012	 620.00 	8/10/2012	 620.00 	10194		
2547	3108	4/18/2012	 695.00 	6/27/2012	 695.00 	453684		
2548	2903	4/18/2012	 487.50 	7/2/2012	 487.50 	655757		
2549	3110	4/19/2012	 450.00 	5/2/2012	 450.00 	24619		
2550	2904	4/19/2012	 471.25 	7/2/2012	 471.25 	655757		
2551	2968	4/19/2012	 250.00 	5/16/2012	 250.00 	8710-5128	5128-12672	
2552	3008	4/19/2012	 400.00 	6/27/2012	 400.00 	453684		
2553	2804	4/19/2020	 495.00 	6/21/2012	 495.00 	15063		
2554	3072	4/20/2012	 475.00 	4/25/2012	 475.00 	100630		
2555	3100	4/20/2012	 240.00 	5/8/2012	 240.00 	1283		
2556					    			
2557	3119	4/20/2012	 400.00 	6/27/2012	 400.00 	453684		
2558	2971	4/20/2012	 250.00 	5/16/2012	 250.00 	8170-12672		
2559	3045	4/21/2012	 400.00 	7/5/2012	 400.00 	90949		
2560	2987	4/12/2012	 240.00 	5/18/2012	 240.00 	10020		
2561	3079	4/21/2012	 497.50 	4/25/2012	 460.00 	100629		
2562	2924	4/24/2012	 400.00 	5/18/2012	 240.00 	10020		
2563	3009	4/24/2012	 500.00 	5/16/2012	 500.00 	451676		
2564	3046	4/22/2012	 400.00 	5/10/2012	 400.00 	89394		
2565	3134	4/25/2012	 375.00 	5/17/2012	 375.00 	3321265		
2566	3145	4/18/2012	 475.50 	5/3/2012	 475.50 	3316917		
2567	3010	4/26/2012	 575.00 		    			
2567	2805	4/26/2012	 465.00 	6/21/2012	 465.00 	15063		
2568	3126	4/25/2012	 575.00 	5/16/2012	 575.00 	451676		
2569	2912	4/27/2012	 475.00 	5/16/2012	 475.00 	451676		
2570	3128	4/27/2012	 575.00 	5/16/2012	 575.00 	451676		
2571	0		    		    	0		
2572	3067	4/25/2012	 375.00 	5/7/2012	 375.00 	24630		
2573	2749	4/26/2012	 600.00 	4/24/2012	 600.00 	24613		
2574	3161	7/7/2012	 975.00 		    	3465	500 deposit	
2575	3152	4/28/2012	 1,050.00 	5/2/2012	 1,050.00 	100638		
2576	2988	4/26/2012	 485.00 	5/18/2012	 485.00 	10020		
2577	3151	4/28/2012	 525.00 					
2578	3150	4/28/2012	 350.00 					
2579	3149	4/29/2012	 380.00 	5/16/2012	 380.00 	15840		
2580	3146	4/30/2012	 435.50 	5/17/2012	 435.50 	3321265		
2581	3011	5/1/2012	 400.00 	5/16/2012	 400.00 	451676		
2582	3163	5/1/2012	 570.00 	5/16/2012	 570.00 	15840		
2583	3153	5/1/2012	 475.00 	5/16/2012	 475.00 	451676		
2584	2954	4/26/2012	 450.00 					
2585	3048	5/2/2012	 300.00 	6/15/2012	 300.00 	90409		
2586	3154	5/2/2012	 400.00 	5/16/2012	 400.00 	451676		
2587	3049	5/3/2012	 300.00 	6/15/2012	 300.00 	90409		
2588	3012	5/3/2012	 400.00 	5/16/2012	 400.00 	451676		
2589	2989	5/3/2012	 240.00 	5/18/2012	 240.00 	10020		
2590	3155	5/3/2012	 400.00 	5/16/2012	 400.00 	451676		
2591	3087	5/3/2012	 350.00 	5/17/2012	 350.00 	89486		
2592	3051	5/4/2012	 300.00 	6/15/2012	 300.00 	90409		
2593	3160	5/4/2012	 715.00 	5/17/2012	 715.00 	89486		
2594	3156	5/4/2012	 400.00 	5/16/2012	 400.00 	451676		
2595	3172	5/4/2012	 493.75 	5/16/2012	 493.75 	451676		
2596	3050	5/5/2012	 300.00 	7/5/2012	 300.00 	90949		
2597	3167	5/4/2012	 325.00 	5/9/2012	 325.00 	100643		
2598	3166	5/4/2012	 325.00 	5/9/2012	 325.00 	100643		
2599	3169	5/5/2012	 325.00 	6/1/2012	 325.00 	100665		
2600	3168	5/5/2012	 325.00 	5/9/2012	 325.00 	100643		
2601	3189		    		    	0		
2602	3176	5/6/2012	 400.00 	5/7/2012	 400.00 	1077		
2603	3111	5/6/2012	 662.50 	5/31/2012	 662.50 	1002344		
2604	3112	5/7/2012	 1,093.75 	5/31/2012	 1,093.75 	1002344		
2605	3113	5/8/2012	 1,281.25 	5/31/2012	 1,281.25 	1002344		
2606	3114	5/9/2012	 1,150.00 	5/31/2012	 1,150.00 	1002344		
2607	3052	5/8/2012	 300.00 	6/15/2012	 300.00 	90409		
2608	2990	5/8/2012	 240.00 	6/1/2012	 240.00 	10061		
2609	3174	5/8/2012	 400.00 	5/16/2012	 400.00 	451676		
2610	3053	5/9/2012	 300.00 	6/15/2012	 300.00 	90409		
2611	3014	5/9/2012	 400.00 	5/16/2012	 400.00 	451676		
2612	3177	5/9/2012	 400.00 	5/16/2012	 400.00 	451676		
2613	2806	5/10/2012	 495.00 	6/21/2012	 495.00 	15063		
2614	3054	5/10/2012	 300.00 	6/15/2012	 300.00 	90409		
2615	3015	5/10/2012	 400.00 	5/16/2012	 400.00 	451676		
2616	3178	5/10/2012	 475.00 	5/16/2012	 475.00 	451676		
2617	3056	5/11/2012	 300.00 	7/5/2012	 300.00 	90949		
2618	3055	5/11/2012	 400.00 	7/5/2012	 400.00 	90949		
2619	3131	5/11/2012	 598.50 	6/20/2012	 598.50 	654207		
2620	3093	5/11/2012	 666.25 	7/2/2012	 666.25 	655757		
2621	3057	5/12/2012	 400.00 	7/5/2012	 300.00 	90949		
2622	3084	5/11/2012	 550.00 	7/5/2012	 550.00 	454040		
2623	3058	5/13/2012	 300.00 	7/5/2012	 300.00 	90949		
2624	3059	5/15/2012	 300.00 	7/5/2012	 300.00 	90949		
2625	3138	5/15/2012	 495.50 	6/1/2012	 495.00 	4370		
2626	3094	5/15/2012	 640.00 	7/2/2012	 640.00 	655757		
2627	3200	5/16/2012	 475.00 	6/27/2012	 475.00 	453684		
2628	3198	5/16/2012	 400.00 	6/27/2012	 400.00 	453684		
2629	3060	5/17/2012	 300.00 	7/5/2012	 300.00 	90949		
2630	3196	5/17/2012	 505.00 	6/1/2012	 505.00 	100663		
2631	3195	5/17/2012	 505.00 	6/27/2012	 505.00 	100691		
2632	3130	5/17/2012	 687.50 	6/27/2012	 687.50 	453684		
2633	3030	5/18/2012	 575.00 	6/20/2012	 575.00 	453286		
2634	2981	5/18/2012	 800.00 	7/2/2012	 800.00 	655757		
2635	3199	5/18/2012	 500.00 	6/27/2012	 500.00 	453684		
2636	3136	5/18/2012	 600.00 	5/24/2012	 600.00 	24696		
2637	3204	5/19/2012	 475.00 	6/27/2012	 475.00 	453684		
2638	3206	5/20/2012	 685.00 	6/21/2012	 685.00 	1056		
2639	3171	5/19/2012	 670.00 	6/27/2012	 670.00 	453684		
2640	3194	5/19/2012	 1,050.00 					
2641	3070	5/25/2012	 1,780.00 	5/24/2012	 1,780.00 	1940		
2642	3031	5/23/2012	 900.00 	6/20/2012	 900.00 	453286		
2643	3061	5/22/2012	 400.00 	6/15/2012	 400.00 	90409		
2644	3216	5/22/2012	 560.00 	7/31/2012	 550.00 	455006		
2645	3207	5/22/2012	 450.00 	7/3/2012	 450.00 	1082		
2646	3157	5/23/2012	 300.00 	6/15/2012	 300.00 	90409		
2647	3116	5/22/2012	 595.00 	6/1/2012	 595.00 	4371		
2648	3218	5/23/2012	 1,331.50 					
2649	3032	5/24/2012	 475.00 	6/6/2012	 475.00 	452551		
2650	3165	5/24/2012	 935.00 	6/6/2012	 935.00 	452551		
2651	2653	5/25/2012	 683.75 	6/6/2012	 683.75 	452551		
2652	3220	5/26/2012	 625.00 	6/1/2012	 625.00 	100664		
2653	3210	5/29/2012	 300.00 	6/15/2012	 300.00 	90409		
2654	3212	5/30/2012	 300.00 	6/15/2012	 300.00 	90409		
2655	3211	5/30/2012	 300.00 	6/15/2012	 300.00 	90409		
2656	3179	5/30/2012	 300.00 	6/25/2012	 300.00 	654941		
2657	2930	5/31/2012	 772.50 	6/27/2012	 772.50 	453684		
2658	3164	5/31/2012	 482.50 	6/30/2012	 482.50 	4425		
2659	3137	5/31/2012	 495.50 	6/30/2012	 495.50 	4426		
2660	3222	6/1/2012	 250.00 	6/18/2012	 250.00 	1373		
2661	3230	6/1/2012	 480.00 					
2662	3213	6/1/2012	 300.00 	6/15/2012	 300.00 	904090		
2663	3180	6/1/2012	    					
2664	3229	6/2/2012	 630.00 	7/1/2012	 625.00 	1433		
2665	3231	6/4/2012	 475.00 					
2666	3208	6/5/2012	 400.00 	7/3/2012	 400.00 	1083		
2667	3181	6/5/2012	 400.00 	6/25/2012	 400.00 	654941		
2668	3221	6/6/2012	 1,250.00 		    	0	 duplicate 	
2669	3182	6/6/2012	 375.00 	6/25/2012	 375.00 	654941		
2670	3223	6/10/2012	 350.00 	6/10/2012	 350.00 	9770		
2671	3224	6/9/2012	 500.00 	6/28/2012	 500.00 	90834		
2672	3225	6/10/2012	 500.00 	6/28/2012	 500.00 	90834		
2673	3183	6/7/2012	 450.00 	6/25/2012	 450.00 	654941	 listed as 2675 	
2674	3184	6/8/2012	 425.00 	6/25/2012	 425.00 	654941		
2675	3239	6/6/2012	 375.00 	7/10/2012	 350.00 	1433		
2676	3237	6/6/2012	 520.00 					
2677	3241	6/7/2012	 681.25 	6/7/2012	 681.25 	1118		
2678	3236	6/7/2012	 700.00 	7/5/2012	 700.00 	645843		
2679	3235	6/7/2012	 475.00 					
2680	3228	6/9/2012	 565.00 					
2681	3226	6/9/2012	 680.00 					
2682	3242	6/10/2012	 480.00 	7/19/2012	 480.00 	3340215		
2683	3240	6/13/2012	 400.00 	7/5/2012	 400.00 	645843		
2684	3254	6/13/2012	 592.50 					
2685	3247	6/14/2012	 475.00 	7/5/2012	 381.00 	90949		
2686	3185	6/11/2012	 900.00 	7/2/2012	 900.00 	16056		
2687	3139	6/11/2012	 542.50 	7/2/2012	 542.50 	16056		
2688	3186	6/12/2012	 845.00 	7/2/2012	 845.00 	16056		
2689	3140	6/12/2012	 900.00 	7/2/2012	 900.00 	16056		
2690	3141	6/13/2012	 845.00 	7/2/2012	 845.00 	16056		
2691	3142	6/14/2012	 845.00 	7/20/2012	 845.00 	16142		
2692	3257	6/14/2012	 405.00 	7/20/2012	 405.00 	16142		
2693	3255	6/14/2012	 55.00 	7/20/2012	 55.00 	16142		
2694	3256	6/14/2012	 55.00 	7/20/2012	 55.00 	16142		
2695	3258	6/14/2012	 405.00 	7/20/2012	 405.00 	16142		
2696	3192	6/15/2012	 845.00 	7/20/2012	 845.00 	16142		
2697	3143	6/15/2012	 1,037.50 	7/20/2012	 1,037.50 	16142		
2698	3144	6/16/2012	 845.00 	7/20/2012	 845.00 	16142		
2699	3193	6/16/2012	 845.00 	7/23/2012	 845.00 	16152		
2700	3262	6/16/2012	 900.00 	7/23/2012	 900.00 	16152		
2701	3261	6/17/2012	 872.50 	7/23/2012	 872.50 	16152		
2702	3251	6/17/2012	 900.00 	7/23/2012	 900.00 	16152		
2703	3250	6/17/2012	 845.00 	7/23/2012	 845.00 	16152		
2704	3238	6/15/2012	 768.75 					
2705	3010	4/26/2012	 575.00 	6/27/2012	 575.00 	453684		
2706	2933	6/14/2012	 381.00 	7/5/2012	 381.00 	90949		
2707	3252	6/19/2012	 300.00 	7/5/2012	 300.00 	90949		
2708	3269	6/20/2012	 400.00 	6/27/2012	 400.00 	100692		
2709	3271	6/21/2012	 350.00 					
2710	3270	6/21/2012	 350.00 					
2711	3253	6/21/2012	 250.00 	7/5/2012	 250.00 	90949		
2712	3214	6/21/2012	 250.00 	7/5/2012	 250.00 	90949		
2713	3234	6/21/2012	 350.00 	7/5/2012	 350.00 	90949		
2714	2934	6/21/2012	 795.00 	7/5/2012	 795.00 	90949		
2715	3273	6/22/2012	 520.00 					
2716	3246	7/13/2012	 695.00 	7/26/2012	 695.00 	91505		
2717	3263	7/13/2012	 695.00 	6/29/2012	 695.00 	5314		
2718	3272	6/22/2012	 475.00 	7/2/2012	 475.00 	1334		
2719	3260	6/22/2012	 350.00 	7/1/2012	 350.00 	1433		
2720	3215	6/22/2012	 250.00 	7/12/2012	 250.00 	91175		
2721	3147	6/22/2012	 550.00 	7/2/2012	 550.00 	2545816		
2722	3259	6/23/2012	 722.50 	6/30/2012	 722.50 	100700		
2723	3201	6/26/2012	 665.00 	7/12/2012	 665.00 	91175		
2724	3289	6/29/2012	 550.00 	6/30/2012	 550.00 	100701		
2725	3244	6/29/2012	 595.00 	7/12/2012	 595.00 	91175		
2726	3148	6/29/2012	 885.00 	8/2/2012	 885.00 	2555553		
2727	3243	6/29/2012	 595.00 	7/12/2012	 595.00 	91175		
2728	2935	6/28/2012	 795.00 	8/2/2012	 795.00 	91686		
2729	2932	6/30/2012	    		    			
2730	3275	7/16/2012	 725.00 					
2731	3288	7/5/2012	 695.00 	8/2/2012	 695.00 	91686		
2732	3232	7/8/2012	 400.00 	7/26/2012	 400.00 	100718		
2733	3281	7/12/2012	 375.00 					
2734	2937	7/12/2012	 375.00 	8/2/2012	 375.00 	91686		
2735	3233	7/13/2012	 400.00 	7/26/2012	 400.00 	100719		
2736	3293	7/15/2012	 505.00 					
2737	3274	7/16/2012	 725.00 	7/26/2012	 725.00 	91505		
2738	3276	7/18/2012	 1,225.00 	7/26/2012	 1,225.00 	91505		
2739	3277	7/18/2012	 699.00 	7/26/2012	 699.00 	91505		
2740	3278	7/19/2012	 1,074.00 	7/26/2012	 1,074.00 	91505		
2741	2938	7/19/2012	 795.00 	8/2/2012	 795.00 	91686		
2742								
2743	3296	7/20/2012	 390.00 					
2744	3295	7/20/2012	 455.00 					
2745	3290	7/24/2012	 300.00 	7/31/2012	 300.00 	9277		
2746	3308	7/25/2012	 431.00 					
2747	3307	7/24/2012	 550.00 	8/14/2012	 550.00 	1610		
2748	3304	7/24/2012	 275.00 	8/9/2012	 275.00 	91873		
2749	3305	7/25/2012	 275.00 	8/9/2012	 275.00 	91873		
2750	3314	7/26/2012	 250.00 					
2751	2939	7/26/2012	 795.00 	8/9/2012	 795.00 	91873		
2752	3319	7/27/2012	 350.00 	8/2/2012	 350.00 	1449		
2753	3318	7/28/2012	 615.00 					
2754	3320	7/28/2012	 475.00 					
2755	3323	7/29/2012	 475.00 					
2756	3322	7/31/2012	 800.00 	8/2/2012	 800.00 	1449		
2757	3315	7/27/2012	 465.00 					
2758	3317	8/2/2012	 375.00 	8/16/2012	 375.00 	9313		
2759	3298	8/3/2012	 375.00 					
2760	2940	8/3/2012	 375.00 					
2761	3292	8/10/2012	 200.00 					
2762	3332	8/7/2012	 425.00 					
2763	3331	8/7/2012	 440.00 					
2764	3339	8/9/2012	 425.00 					
2765	3345	8/10/2012	 350.00 					
2766	3337	8/10/2012	 200.00 					
2767	3342	8/11/2012	 250.00 	8/15/2012	 200.00 	1457		
2768	3291	8/12/2012	 300.00 					
2769	3327	8/9/2012	 410.00 					
2770	3344	8/10/2012	 575.00 					
2771	3306	8/13/2012	 525.00 					
2772	3359	8/14/2012	 275.00 					
2773	3360	8/15/2012	 275.00 					
2774	3369	8/16/2012	 325.00 					
2775	3367	8/16/2012	 275.00 					
2776	3361	8/16/2012	 410.00 					
2777	3340	8/16/2012	 350.00 					
2778	3333	8/17/2012	 500.00 					
2779	3334	8/17/2012	 500.00 					
2780	3374	8/17/2012	 385.00 					
2781	3341	8/18/2012	 500.00 					
2782	3375	8/18/2012	 725.00 					
2783								
2784	3370	10/27/2012	 505.00 					
2785	3380	8/21/2012	 611.25 					
2786	3343	8/21/2012	 400.00 					
2787	3325	8/23/2012	 350.00 					
2788	3324	8/23/2012	 350.00 					
2789	3321	8/23/2012	 350.00 					
2790	3346	8/24/2012	 265.00 					
2791								
2792								
2793								
								
